21.000000 0.048241 0.001283 0.000029 -0.000087 0.000205 0.000333 1.000000
30.000000 2.136589 -0.008203 0.000107 -0.000759 0.000053 0.000567 1.000000
32.300000 4.209274 -0.010761 -0.000851 -0.002581 0.001438 0.004461 0.999986
34.500000 6.240197 0.015051 0.011377 -0.002639 -0.001911 0.005637 0.999979
36.800000 8.334084 0.036784 0.015702 0.001814 -0.009894 -0.000746 0.999949
41.900000 8.771925 -1.934446 -0.000535 -0.007215 -0.004323 -0.796596 0.604453
44.200000 8.758274 -4.036353 -0.006132 0.000214 -0.003542 -0.705400 0.708801
46.400000 8.785394 -6.079744 0.006965 -0.001467 -0.003251 -0.701144 0.713011
48.900000 7.409328 -7.603722 -0.011199 -0.018096 -0.003700 0.952175 -0.304994
51.300000 5.421345 -7.890505 -0.018244 -0.013147 0.001365 0.977488 0.210578
53.600000 3.725590 -6.679491 -0.020608 0.000092 -0.001304 0.943135 0.332407
55.900000 2.288492 -5.286557 -0.019975 0.008137 -0.007324 0.864934 0.501766
58.200000 2.278409 -3.237552 -0.008400 0.005084 -0.006457 0.762807 0.646574
61.300000 0.794472 -1.881359 -0.008533 0.005301 -0.000346 0.925505 0.378698
63.600000 -0.647367 -0.425902 -0.002941 0.003869 -0.000891 0.925037 0.379856
65.800000 -2.534899 0.242306 0.002427 0.002112 -0.001118 0.976260 0.216589
68.600000 -4.227201 -0.883377 -0.020976 0.002463 0.005970 -0.856390 0.516289
70.900000 -4.934344 -2.815001 -0.032727 0.005109 0.005816 -0.739300 0.673331
73.200000 -5.199202 -4.873216 -0.061323 0.017093 0.014520 -0.840421 0.541470
75.500000 -5.169838 -6.891878 -0.077361 0.002483 -0.001130 -0.661797 0.749678
78.200000 -7.014189 -7.688357 -0.096993 0.007107 -0.005925 0.961983 0.272954
80.500000 -8.655559 -6.477397 -0.101145 0.014424 -0.010289 0.922694 0.385126
82.800000 -9.192336 -4.487984 -0.091613 -0.006992 -0.000303 0.692117 0.721751
85.200000 -9.147476 -2.448087 -0.063903 -0.004534 -0.000411 0.728591 0.684934
87.600000 -8.817700 -0.408240 -0.012940 0.003554 -0.002618 0.531211 0.847228
89.900000 -9.288437 1.546268 -0.015868 0.014196 -0.015050 0.842142 0.538858
92.100000 -9.712503 3.509495 -0.023150 -0.007950 0.002524 0.787388 0.616402
94.400000 -9.454709 5.518880 0.002656 0.010644 -0.013451 0.558676 0.829209
96.700000 -9.738492 7.534936 0.032650 -0.020331 0.007153 0.788759 0.614324
99.300000 -8.354789 9.010890 0.024906 -0.000549 0.017461 0.250435 0.967976
101.500000 -6.374521 9.352275 0.065290 0.006032 -0.010018 0.013955 0.999834
103.700000 -4.362187 9.227553 0.075300 0.016258 -0.005763 -0.192260 0.981192
106.100000 -2.687198 8.079078 0.057960 0.002509 -0.007900 -0.400650 0.916194
108.600000 -0.814557 7.263158 0.041885 0.001892 -0.002364 0.134759 0.990874
110.900000 0.767027 8.500724 0.035684 0.003762 -0.000371 0.313688 0.949519
113.200000 2.674009 9.112579 0.037605 0.000464 0.001202 0.038117 0.999272
115.500000 4.682756 9.650410 0.059247 -0.001395 0.008407 0.051866 0.998618
166.400000 6.075147 8.139318 0.036629 0.003148 0.000288 -0.563216 0.826304
